"STATION","LATITUDE","LONGITUDE","ELEVATION","NAME","month","day","hour","MAM-TAVG-NORMAL","comp_flag_MAM-TAVG-NORMAL","meas_flag_MAM-TAVG-NORMAL","years_MAM-TAVG-NORMAL","MAM-TMIN-NORMAL","comp_flag_MAM-TMIN-NORMAL","meas_flag_MAM-TMIN-NORMAL","years_MAM-TMIN-NORMAL","MAM-TMAX-NORMAL","comp_flag_MAM-TMAX-NORMAL","meas_flag_MAM-TMAX-NORMAL","years_MAM-TMAX-NORMAL","MAM-DUTR-NORMAL","comp_flag_MAM-DUTR-NORMAL","meas_flag_MAM-DUTR-NORMAL","years_MAM-DUTR-NORMAL","MAM-TMIN-AVGNDS-LSTH000","comp_flag_MAM-TMIN-AVGNDS-LSTH000","meas_flag_MAM-TMIN-AVGNDS-LSTH000","years_MAM-TMIN-AVGNDS-LSTH000","MAM-TMIN-AVGNDS-LSTH010","comp_flag_MAM-TMIN-AVGNDS-LSTH010","meas_flag_MAM-TMIN-AVGNDS-LSTH010","years_MAM-TMIN-AVGNDS-LSTH010","MAM-TMIN-AVGNDS-LSTH020","comp_flag_MAM-TMIN-AVGNDS-LSTH020","meas_flag_MAM-TMIN-AVGNDS-LSTH020","years_MAM-TMIN-AVGNDS-LSTH020","MAM-TMIN-AVGNDS-LSTH032","comp_flag_MAM-TMIN-AVGNDS-LSTH032","meas_flag_MAM-TMIN-AVGNDS-LSTH032","years_MAM-TMIN-AVGNDS-LSTH032","MAM-TMIN-AVGNDS-LSTH040","comp_flag_MAM-TMIN-AVGNDS-LSTH040","meas_flag_MAM-TMIN-AVGNDS-LSTH040","years_MAM-TMIN-AVGNDS-LSTH040","MAM-TMIN-AVGNDS-LSTH050","comp_flag_MAM-TMIN-AVGNDS-LSTH050","meas_flag_MAM-TMIN-AVGNDS-LSTH050","years_MAM-TMIN-AVGNDS-LSTH050","MAM-TMIN-AVGNDS-LSTH060","comp_flag_MAM-TMIN-AVGNDS-LSTH060","meas_flag_MAM-TMIN-AVGNDS-LSTH060","years_MAM-TMIN-AVGNDS-LSTH060","MAM-TMIN-AVGNDS-LSTH070","comp_flag_MAM-TMIN-AVGNDS-LSTH070","meas_flag_MAM-TMIN-AVGNDS-LSTH070","years_MAM-TMIN-AVGNDS-LSTH070","MAM-HTDD-NORMAL","comp_flag_MAM-HTDD-NORMAL","meas_flag_MAM-HTDD-NORMAL","years_MAM-HTDD-NORMAL","MAM-HTDD-BASE40","comp_flag_MAM-HTDD-BASE40","meas_flag_MAM-HTDD-BASE40","years_MAM-HTDD-BASE40","MAM-HTDD-BASE45","comp_flag_MAM-HTDD-BASE45","meas_flag_MAM-HTDD-BASE45","years_MAM-HTDD-BASE45","MAM-HTDD-BASE50","comp_flag_MAM-HTDD-BASE50","meas_flag_MAM-HTDD-BASE50","years_MAM-HTDD-BASE50","MAM-HTDD-BASE55","comp_flag_MAM-HTDD-BASE55","meas_flag_MAM-HTDD-BASE55","years_MAM-HTDD-BASE55","MAM-HTDD-BASE57","comp_flag_MAM-HTDD-BASE57","meas_flag_MAM-HTDD-BASE57","years_MAM-HTDD-BASE57","MAM-HTDD-BASE60","comp_flag_MAM-HTDD-BASE60","meas_flag_MAM-HTDD-BASE60","years_MAM-HTDD-BASE60","MAM-CLDD-NORMAL","comp_flag_MAM-CLDD-NORMAL","meas_flag_MAM-CLDD-NORMAL","years_MAM-CLDD-NORMAL","MAM-CLDD-BASE40","comp_flag_MAM-CLDD-BASE40","meas_flag_MAM-CLDD-BASE40","years_MAM-CLDD-BASE40","MAM-CLDD-BASE45","comp_flag_MAM-CLDD-BASE45","meas_flag_MAM-CLDD-BASE45","years_MAM-CLDD-BASE45","MAM-CLDD-BASE50","comp_flag_MAM-CLDD-BASE50","meas_flag_MAM-CLDD-BASE50","years_MAM-CLDD-BASE50","MAM-CLDD-BASE55","comp_flag_MAM-CLDD-BASE55","meas_flag_MAM-CLDD-BASE55","years_MAM-CLDD-BASE55","MAM-CLDD-BASE57","comp_flag_MAM-CLDD-BASE57","meas_flag_MAM-CLDD-BASE57","years_MAM-CLDD-BASE57","MAM-CLDD-BASE60","comp_flag_MAM-CLDD-BASE60","meas_flag_MAM-CLDD-BASE60","years_MAM-CLDD-BASE60","MAM-CLDD-BASE70","comp_flag_MAM-CLDD-BASE70","meas_flag_MAM-CLDD-BASE70","years_MAM-CLDD-BASE70","MAM-CLDD-BASE72","comp_flag_MAM-CLDD-BASE72","meas_flag_MAM-CLDD-BASE72","years_MAM-CLDD-BASE72","MAM-GRDD-BASE65","comp_flag_MAM-GRDD-BASE65","meas_flag_MAM-GRDD-BASE65","years_MAM-GRDD-BASE65","MAM-GRDD-BASE40","comp_flag_MAM-GRDD-BASE40","meas_flag_MAM-GRDD-BASE40","years_MAM-GRDD-BASE40","MAM-GRDD-BASE45","comp_flag_MAM-GRDD-BASE45","meas_flag_MAM-GRDD-BASE45","years_MAM-GRDD-BASE45","MAM-GRDD-BASE50","comp_flag_MAM-GRDD-BASE50","meas_flag_MAM-GRDD-BASE50","years_MAM-GRDD-BASE50","MAM-GRDD-BASE55","comp_flag_MAM-GRDD-BASE55","meas_flag_MAM-GRDD-BASE55","years_MAM-GRDD-BASE55","MAM-GRDD-BASE57","comp_flag_MAM-GRDD-BASE57","meas_flag_MAM-GRDD-BASE57","years_MAM-GRDD-BASE57","MAM-GRDD-BASE60","comp_flag_MAM-GRDD-BASE60","meas_flag_MAM-GRDD-BASE60","years_MAM-GRDD-BASE60","MAM-GRDD-BASE70","comp_flag_MAM-GRDD-BASE70","meas_flag_MAM-GRDD-BASE70","years_MAM-GRDD-BASE70","MAM-GRDD-BASE72","comp_flag_MAM-GRDD-BASE72","meas_flag_MAM-GRDD-BASE72","years_MAM-GRDD-BASE72","MAM-GRDD-TB4886","comp_flag_MAM-GRDD-TB4886","meas_flag_MAM-GRDD-TB4886","years_MAM-GRDD-TB4886","MAM-GRDD-TB5086","comp_flag_MAM-GRDD-TB5086","meas_flag_MAM-GRDD-TB5086","years_MAM-GRDD-TB5086","MAM-PRCP-NORMAL","comp_flag_MAM-PRCP-NORMAL","meas_flag_MAM-PRCP-NORMAL","years_MAM-PRCP-NORMAL","MAM-PRCP-AVGNDS-GE001HI","comp_flag_MAM-PRCP-AVGNDS-GE001HI","meas_flag_MAM-PRCP-AVGNDS-GE001HI","years_MAM-PRCP-AVGNDS-GE001HI","MAM-PRCP-AVGNDS-GE010HI","comp_flag_MAM-PRCP-AVGNDS-GE010HI","meas_flag_MAM-PRCP-AVGNDS-GE010HI","years_MAM-PRCP-AVGNDS-GE010HI","MAM-PRCP-AVGNDS-GE025HI","comp_flag_MAM-PRCP-AVGNDS-GE025HI","meas_flag_MAM-PRCP-AVGNDS-GE025HI","years_MAM-PRCP-AVGNDS-GE025HI","MAM-PRCP-AVGNDS-GE050HI","comp_flag_MAM-PRCP-AVGNDS-GE050HI","meas_flag_MAM-PRCP-AVGNDS-GE050HI","years_MAM-PRCP-AVGNDS-GE050HI","MAM-PRCP-AVGNDS-GE100HI","comp_flag_MAM-PRCP-AVGNDS-GE100HI","meas_flag_MAM-PRCP-AVGNDS-GE100HI","years_MAM-PRCP-AVGNDS-GE100HI","MAM-PRCP-AVGNDS-GE200HI","comp_flag_MAM-PRCP-AVGNDS-GE200HI","meas_flag_MAM-PRCP-AVGNDS-GE200HI","years_MAM-PRCP-AVGNDS-GE200HI","MAM-PRCP-AVGNDS-GE400HI","comp_flag_MAM-PRCP-AVGNDS-GE400HI","meas_flag_MAM-PRCP-AVGNDS-GE400HI","years_MAM-PRCP-AVGNDS-GE400HI","comp_flag_MAM-PRCP-AVGNDS-GE600HI","meas_flag_MAM-PRCP-AVGNDS-GE600HI","years_MAM-PRCP-AVGNDS-GE600HI","JJA-TAVG-NORMAL","comp_flag_JJA-TAVG-NORMAL","meas_flag_JJA-TAVG-NORMAL","years_JJA-TAVG-NORMAL","JJA-TMIN-NORMAL","comp_flag_JJA-TMIN-NORMAL","meas_flag_JJA-TMIN-NORMAL","years_JJA-TMIN-NORMAL","JJA-TMAX-NORMAL","comp_flag_JJA-TMAX-NORMAL","meas_flag_JJA-TMAX-NORMAL","years_JJA-TMAX-NORMAL","JJA-DUTR-NORMAL","comp_flag_JJA-DUTR-NORMAL","meas_flag_JJA-DUTR-NORMAL","years_JJA-DUTR-NORMAL","JJA-TMIN-AVGNDS-LSTH000","comp_flag_JJA-TMIN-AVGNDS-LSTH000","meas_flag_JJA-TMIN-AVGNDS-LSTH000","years_JJA-TMIN-AVGNDS-LSTH000","JJA-TMIN-AVGNDS-LSTH010","comp_flag_JJA-TMIN-AVGNDS-LSTH010","meas_flag_JJA-TMIN-AVGNDS-LSTH010","years_JJA-TMIN-AVGNDS-LSTH010","JJA-TMIN-AVGNDS-LSTH020","comp_flag_JJA-TMIN-AVGNDS-LSTH020","meas_flag_JJA-TMIN-AVGNDS-LSTH020","years_JJA-TMIN-AVGNDS-LSTH020","JJA-TMIN-AVGNDS-LSTH032","comp_flag_JJA-TMIN-AVGNDS-LSTH032","meas_flag_JJA-TMIN-AVGNDS-LSTH032","years_JJA-TMIN-AVGNDS-LSTH032","JJA-TMIN-AVGNDS-LSTH040","comp_flag_JJA-TMIN-AVGNDS-LSTH040","meas_flag_JJA-TMIN-AVGNDS-LSTH040","years_JJA-TMIN-AVGNDS-LSTH040","JJA-TMIN-AVGNDS-LSTH050","comp_flag_JJA-TMIN-AVGNDS-LSTH050","meas_flag_JJA-TMIN-AVGNDS-LSTH050","years_JJA-TMIN-AVGNDS-LSTH050","JJA-TMIN-AVGNDS-LSTH060","comp_flag_JJA-TMIN-AVGNDS-LSTH060","meas_flag_JJA-TMIN-AVGNDS-LSTH060","years_JJA-TMIN-AVGNDS-LSTH060","JJA-TMIN-AVGNDS-LSTH070","comp_flag_JJA-TMIN-AVGNDS-LSTH070","meas_flag_JJA-TMIN-AVGNDS-LSTH070","years_JJA-TMIN-AVGNDS-LSTH070","JJA-HTDD-NORMAL","comp_flag_JJA-HTDD-NORMAL","meas_flag_JJA-HTDD-NORMAL","years_JJA-HTDD-NORMAL","JJA-HTDD-BASE40","comp_flag_JJA-HTDD-BASE40","meas_flag_JJA-HTDD-BASE40","years_JJA-HTDD-BASE40","JJA-HTDD-BASE45","comp_flag_JJA-HTDD-BASE45","meas_flag_JJA-HTDD-BASE45","years_JJA-HTDD-BASE45","JJA-HTDD-BASE50","comp_flag_JJA-HTDD-BASE50","meas_flag_JJA-HTDD-BASE50","years_JJA-HTDD-BASE50","JJA-HTDD-BASE55","comp_flag_JJA-HTDD-BASE55","meas_flag_JJA-HTDD-BASE55","years_JJA-HTDD-BASE55","JJA-HTDD-BASE57","comp_flag_JJA-HTDD-BASE57","meas_flag_JJA-HTDD-BASE57","years_JJA-HTDD-BASE57","JJA-HTDD-BASE60","comp_flag_JJA-HTDD-BASE60","meas_flag_JJA-HTDD-BASE60","years_JJA-HTDD-BASE60","JJA-CLDD-NORMAL","comp_flag_JJA-CLDD-NORMAL","meas_flag_JJA-CLDD-NORMAL","years_JJA-CLDD-NORMAL","JJA-CLDD-BASE40","comp_flag_JJA-CLDD-BASE40","meas_flag_JJA-CLDD-BASE40","years_JJA-CLDD-BASE40","JJA-CLDD-BASE45","comp_flag_JJA-CLDD-BASE45","meas_flag_JJA-CLDD-BASE45","years_JJA-CLDD-BASE45","JJA-CLDD-BASE50","comp_flag_JJA-CLDD-BASE50","meas_flag_JJA-CLDD-BASE50","years_JJA-CLDD-BASE50","JJA-CLDD-BASE55","comp_flag_JJA-CLDD-BASE55","meas_flag_JJA-CLDD-BASE55","years_JJA-CLDD-BASE55","JJA-CLDD-BASE57","comp_flag_JJA-CLDD-BASE57","meas_flag_JJA-CLDD-BASE57","years_JJA-CLDD-BASE57","JJA-CLDD-BASE60","comp_flag_JJA-CLDD-BASE60","meas_flag_JJA-CLDD-BASE60","years_JJA-CLDD-BASE60","JJA-CLDD-BASE70","comp_flag_JJA-CLDD-BASE70","meas_flag_JJA-CLDD-BASE70","years_JJA-CLDD-BASE70","JJA-CLDD-BASE72","comp_flag_JJA-CLDD-BASE72","meas_flag_JJA-CLDD-BASE72","years_JJA-CLDD-BASE72","JJA-GRDD-BASE65","comp_flag_JJA-GRDD-BASE65","meas_flag_JJA-GRDD-BASE65","years_JJA-GRDD-BASE65","JJA-GRDD-BASE40","comp_flag_JJA-GRDD-BASE40","meas_flag_JJA-GRDD-BASE40","years_JJA-GRDD-BASE40","JJA-GRDD-BASE45","comp_flag_JJA-GRDD-BASE45","meas_flag_JJA-GRDD-BASE45","years_JJA-GRDD-BASE45","JJA-GRDD-BASE50","comp_flag_JJA-GRDD-BASE50","meas_flag_JJA-GRDD-BASE50","years_JJA-GRDD-BASE50","JJA-GRDD-BASE55","comp_flag_JJA-GRDD-BASE55","meas_flag_JJA-GRDD-BASE55","years_JJA-GRDD-BASE55","JJA-GRDD-BASE57","comp_flag_JJA-GRDD-BASE57","meas_flag_JJA-GRDD-BASE57","years_JJA-GRDD-BASE57","JJA-GRDD-BASE60","comp_flag_JJA-GRDD-BASE60","meas_flag_JJA-GRDD-BASE60","years_JJA-GRDD-BASE60","JJA-GRDD-BASE70","comp_flag_JJA-GRDD-BASE70","meas_flag_JJA-GRDD-BASE70","years_JJA-GRDD-BASE70","JJA-GRDD-BASE72","comp_flag_JJA-GRDD-BASE72","meas_flag_JJA-GRDD-BASE72","years_JJA-GRDD-BASE72","JJA-GRDD-TB4886","comp_flag_JJA-GRDD-TB4886","meas_flag_JJA-GRDD-TB4886","years_JJA-GRDD-TB4886","JJA-GRDD-TB5086","comp_flag_JJA-GRDD-TB5086","meas_flag_JJA-GRDD-TB5086","years_JJA-GRDD-TB5086","JJA-PRCP-NORMAL","comp_flag_JJA-PRCP-NORMAL","meas_flag_JJA-PRCP-NORMAL","years_JJA-PRCP-NORMAL","JJA-PRCP-AVGNDS-GE001HI","comp_flag_JJA-PRCP-AVGNDS-GE001HI","meas_flag_JJA-PRCP-AVGNDS-GE001HI","years_JJA-PRCP-AVGNDS-GE001HI","JJA-PRCP-AVGNDS-GE010HI","comp_flag_JJA-PRCP-AVGNDS-GE010HI","meas_flag_JJA-PRCP-AVGNDS-GE010HI","years_JJA-PRCP-AVGNDS-GE010HI","JJA-PRCP-AVGNDS-GE025HI","comp_flag_JJA-PRCP-AVGNDS-GE025HI","meas_flag_JJA-PRCP-AVGNDS-GE025HI","years_JJA-PRCP-AVGNDS-GE025HI","JJA-PRCP-AVGNDS-GE050HI","comp_flag_JJA-PRCP-AVGNDS-GE050HI","meas_flag_JJA-PRCP-AVGNDS-GE050HI","years_JJA-PRCP-AVGNDS-GE050HI","JJA-PRCP-AVGNDS-GE100HI","comp_flag_JJA-PRCP-AVGNDS-GE100HI","meas_flag_JJA-PRCP-AVGNDS-GE100HI","years_JJA-PRCP-AVGNDS-GE100HI","JJA-PRCP-AVGNDS-GE200HI","comp_flag_JJA-PRCP-AVGNDS-GE200HI","meas_flag_JJA-PRCP-AVGNDS-GE200HI","years_JJA-PRCP-AVGNDS-GE200HI","JJA-PRCP-AVGNDS-GE400HI","comp_flag_JJA-PRCP-AVGNDS-GE400HI","meas_flag_JJA-PRCP-AVGNDS-GE400HI","years_JJA-PRCP-AVGNDS-GE400HI","JJA-PRCP-AVGNDS-GE600HI","comp_flag_JJA-PRCP-AVGNDS-GE600HI","meas_flag_JJA-PRCP-AVGNDS-GE600HI","years_JJA-PRCP-AVGNDS-GE600HI","SON-TAVG-NORMAL","comp_flag_SON-TAVG-NORMAL","meas_flag_SON-TAVG-NORMAL","years_SON-TAVG-NORMAL","SON-TMIN-NORMAL","comp_flag_SON-TMIN-NORMAL","meas_flag_SON-TMIN-NORMAL","years_SON-TMIN-NORMAL","SON-TMAX-NORMAL","comp_flag_SON-TMAX-NORMAL","meas_flag_SON-TMAX-NORMAL","years_SON-TMAX-NORMAL","SON-DUTR-NORMAL","comp_flag_SON-DUTR-NORMAL","meas_flag_SON-DUTR-NORMAL","years_SON-DUTR-NORMAL","SON-TMIN-AVGNDS-LSTH000","comp_flag_SON-TMIN-AVGNDS-LSTH000","meas_flag_SON-TMIN-AVGNDS-LSTH000","years_SON-TMIN-AVGNDS-LSTH000","SON-TMIN-AVGNDS-LSTH010","comp_flag_SON-TMIN-AVGNDS-LSTH010","meas_flag_SON-TMIN-AVGNDS-LSTH010","years_SON-TMIN-AVGNDS-LSTH010","SON-TMIN-AVGNDS-LSTH020","comp_flag_SON-TMIN-AVGNDS-LSTH020","meas_flag_SON-TMIN-AVGNDS-LSTH020","years_SON-TMIN-AVGNDS-LSTH020","SON-TMIN-AVGNDS-LSTH032","comp_flag_SON-TMIN-AVGNDS-LSTH032","meas_flag_SON-TMIN-AVGNDS-LSTH032","years_SON-TMIN-AVGNDS-LSTH032","SON-TMIN-AVGNDS-LSTH040","comp_flag_SON-TMIN-AVGNDS-LSTH040","meas_flag_SON-TMIN-AVGNDS-LSTH040","years_SON-TMIN-AVGNDS-LSTH040","SON-TMIN-AVGNDS-LSTH050","comp_flag_SON-TMIN-AVGNDS-LSTH050","meas_flag_SON-TMIN-AVGNDS-LSTH050","years_SON-TMIN-AVGNDS-LSTH050","SON-TMIN-AVGNDS-LSTH060","comp_flag_SON-TMIN-AVGNDS-LSTH060","meas_flag_SON-TMIN-AVGNDS-LSTH060","years_SON-TMIN-AVGNDS-LSTH060","SON-TMIN-AVGNDS-LSTH070","comp_flag_SON-TMIN-AVGNDS-LSTH070","meas_flag_SON-TMIN-AVGNDS-LSTH070","years_SON-TMIN-AVGNDS-LSTH070","SON-HTDD-NORMAL","comp_flag_SON-HTDD-NORMAL","meas_flag_SON-HTDD-NORMAL","years_SON-HTDD-NORMAL","SON-HTDD-BASE40","comp_flag_SON-HTDD-BASE40","meas_flag_SON-HTDD-BASE40","years_SON-HTDD-BASE40","SON-HTDD-BASE45","comp_flag_SON-HTDD-BASE45","meas_flag_SON-HTDD-BASE45","years_SON-HTDD-BASE45","SON-HTDD-BASE50","comp_flag_SON-HTDD-BASE50","meas_flag_SON-HTDD-BASE50","years_SON-HTDD-BASE50","SON-HTDD-BASE55","comp_flag_SON-HTDD-BASE55","meas_flag_SON-HTDD-BASE55","years_SON-HTDD-BASE55","SON-HTDD-BASE57","comp_flag_SON-HTDD-BASE57","meas_flag_SON-HTDD-BASE57","years_SON-HTDD-BASE57","SON-HTDD-BASE60","comp_flag_SON-HTDD-BASE60","meas_flag_SON-HTDD-BASE60","years_SON-HTDD-BASE60","SON-CLDD-NORMAL","comp_flag_SON-CLDD-NORMAL","meas_flag_SON-CLDD-NORMAL","years_SON-CLDD-NORMAL","SON-CLDD-BASE40","comp_flag_SON-CLDD-BASE40","meas_flag_SON-CLDD-BASE40","years_SON-CLDD-BASE40","SON-CLDD-BASE45","comp_flag_SON-CLDD-BASE45","meas_flag_SON-CLDD-BASE45","years_SON-CLDD-BASE45","SON-CLDD-BASE50","comp_flag_SON-CLDD-BASE50","meas_flag_SON-CLDD-BASE50","years_SON-CLDD-BASE50","SON-CLDD-BASE55","comp_flag_SON-CLDD-BASE55","meas_flag_SON-CLDD-BASE55","years_SON-CLDD-BASE55","SON-CLDD-BASE57","comp_flag_SON-CLDD-BASE57","meas_flag_SON-CLDD-BASE57","years_SON-CLDD-BASE57","SON-CLDD-BASE60","comp_flag_SON-CLDD-BASE60","meas_flag_SON-CLDD-BASE60","years_SON-CLDD-BASE60","SON-CLDD-BASE70","comp_flag_SON-CLDD-BASE70","meas_flag_SON-CLDD-BASE70","years_SON-CLDD-BASE70","SON-CLDD-BASE72","comp_flag_SON-CLDD-BASE72","meas_flag_SON-CLDD-BASE72","years_SON-CLDD-BASE72","SON-GRDD-BASE65","comp_flag_SON-GRDD-BASE65","meas_flag_SON-GRDD-BASE65","years_SON-GRDD-BASE65","SON-GRDD-BASE40","comp_flag_SON-GRDD-BASE40","meas_flag_SON-GRDD-BASE40","years_SON-GRDD-BASE40","SON-GRDD-BASE45","comp_flag_SON-GRDD-BASE45","meas_flag_SON-GRDD-BASE45","years_SON-GRDD-BASE45","SON-GRDD-BASE50","comp_flag_SON-GRDD-BASE50","meas_flag_SON-GRDD-BASE50","years_SON-GRDD-BASE50","SON-GRDD-BASE55","comp_flag_SON-GRDD-BASE55","meas_flag_SON-GRDD-BASE55","years_SON-GRDD-BASE55","SON-GRDD-BASE57","comp_flag_SON-GRDD-BASE57","meas_flag_SON-GRDD-BASE57","years_SON-GRDD-BASE57","SON-GRDD-BASE60","comp_flag_SON-GRDD-BASE60","meas_flag_SON-GRDD-BASE60","years_SON-GRDD-BASE60","SON-GRDD-BASE70","comp_flag_SON-GRDD-BASE70","meas_flag_SON-GRDD-BASE70","years_SON-GRDD-BASE70","SON-GRDD-BASE72","comp_flag_SON-GRDD-BASE72","meas_flag_SON-GRDD-BASE72","years_SON-GRDD-BASE72","SON-GRDD-TB4886","comp_flag_SON-GRDD-TB4886","meas_flag_SON-GRDD-TB4886","years_SON-GRDD-TB4886","SON-GRDD-TB5086","comp_flag_SON-GRDD-TB5086","meas_flag_SON-GRDD-TB5086","years_SON-GRDD-TB5086","SON-PRCP-NORMAL","comp_flag_SON-PRCP-NORMAL","meas_flag_SON-PRCP-NORMAL","years_SON-PRCP-NORMAL","SON-PRCP-AVGNDS-GE001HI","comp_flag_SON-PRCP-AVGNDS-GE001HI","meas_flag_SON-PRCP-AVGNDS-GE001HI","years_SON-PRCP-AVGNDS-GE001HI","SON-PRCP-AVGNDS-GE010HI","comp_flag_SON-PRCP-AVGNDS-GE010HI","meas_flag_SON-PRCP-AVGNDS-GE010HI","years_SON-PRCP-AVGNDS-GE010HI","SON-PRCP-AVGNDS-GE025HI","comp_flag_SON-PRCP-AVGNDS-GE025HI","meas_flag_SON-PRCP-AVGNDS-GE025HI","years_SON-PRCP-AVGNDS-GE025HI","SON-PRCP-AVGNDS-GE050HI","comp_flag_SON-PRCP-AVGNDS-GE050HI","meas_flag_SON-PRCP-AVGNDS-GE050HI","years_SON-PRCP-AVGNDS-GE050HI","SON-PRCP-AVGNDS-GE100HI","comp_flag_SON-PRCP-AVGNDS-GE100HI","meas_flag_SON-PRCP-AVGNDS-GE100HI","years_SON-PRCP-AVGNDS-GE100HI","SON-PRCP-AVGNDS-GE200HI","comp_flag_SON-PRCP-AVGNDS-GE200HI","meas_flag_SON-PRCP-AVGNDS-GE200HI","years_SON-PRCP-AVGNDS-GE200HI","SON-PRCP-AVGNDS-GE400HI","comp_flag_SON-PRCP-AVGNDS-GE400HI","meas_flag_SON-PRCP-AVGNDS-GE400HI","years_SON-PRCP-AVGNDS-GE400HI","SON-PRCP-AVGNDS-GE600HI","comp_flag_SON-PRCP-AVGNDS-GE600HI","meas_flag_SON-PRCP-AVGNDS-GE600HI","years_SON-PRCP-AVGNDS-GE600HI","DJF-TAVG-NORMAL","comp_flag_DJF-TAVG-NORMAL","meas_flag_DJF-TAVG-NORMAL","years_DJF-TAVG-NORMAL","DJF-TMIN-NORMAL","comp_flag_DJF-TMIN-NORMAL","meas_flag_DJF-TMIN-NORMAL","years_DJF-TMIN-NORMAL","DJF-TMAX-NORMAL","comp_flag_DJF-TMAX-NORMAL","meas_flag_DJF-TMAX-NORMAL","years_DJF-TMAX-NORMAL","DJF-DUTR-NORMAL","comp_flag_DJF-DUTR-NORMAL","meas_flag_DJF-DUTR-NORMAL","years_DJF-DUTR-NORMAL","DJF-TMIN-AVGNDS-LSTH000","comp_flag_DJF-TMIN-AVGNDS-LSTH000","meas_flag_DJF-TMIN-AVGNDS-LSTH000","years_DJF-TMIN-AVGNDS-LSTH000","DJF-TMIN-AVGNDS-LSTH010","comp_flag_DJF-TMIN-AVGNDS-LSTH010","meas_flag_DJF-TMIN-AVGNDS-LSTH010","years_DJF-TMIN-AVGNDS-LSTH010","DJF-TMIN-AVGNDS-LSTH020","comp_flag_DJF-TMIN-AVGNDS-LSTH020","meas_flag_DJF-TMIN-AVGNDS-LSTH020","years_DJF-TMIN-AVGNDS-LSTH020","DJF-TMIN-AVGNDS-LSTH032","comp_flag_DJF-TMIN-AVGNDS-LSTH032","meas_flag_DJF-TMIN-AVGNDS-LSTH032","years_DJF-TMIN-AVGNDS-LSTH032","DJF-TMIN-AVGNDS-LSTH040","comp_flag_DJF-TMIN-AVGNDS-LSTH040","meas_flag_DJF-TMIN-AVGNDS-LSTH040","years_DJF-TMIN-AVGNDS-LSTH040","DJF-TMIN-AVGNDS-LSTH050","comp_flag_DJF-TMIN-AVGNDS-LSTH050","meas_flag_DJF-TMIN-AVGNDS-LSTH050","years_DJF-TMIN-AVGNDS-LSTH050","DJF-TMIN-AVGNDS-LSTH060","comp_flag_DJF-TMIN-AVGNDS-LSTH060","meas_flag_DJF-TMIN-AVGNDS-LSTH060","years_DJF-TMIN-AVGNDS-LSTH060","DJF-TMIN-AVGNDS-LSTH070","comp_flag_DJF-TMIN-AVGNDS-LSTH070","meas_flag_DJF-TMIN-AVGNDS-LSTH070","years_DJF-TMIN-AVGNDS-LSTH070","DJF-HTDD-NORMAL","comp_flag_DJF-HTDD-NORMAL","meas_flag_DJF-HTDD-NORMAL","years_DJF-HTDD-NORMAL","DJF-HTDD-BASE40","comp_flag_DJF-HTDD-BASE40","meas_flag_DJF-HTDD-BASE40","years_DJF-HTDD-BASE40","DJF-HTDD-BASE45","comp_flag_DJF-HTDD-BASE45","meas_flag_DJF-HTDD-BASE45","years_DJF-HTDD-BASE45","DJF-HTDD-BASE50","comp_flag_DJF-HTDD-BASE50","meas_flag_DJF-HTDD-BASE50","years_DJF-HTDD-BASE50","DJF-HTDD-BASE55","comp_flag_DJF-HTDD-BASE55","meas_flag_DJF-HTDD-BASE55","years_DJF-HTDD-BASE55","DJF-HTDD-BASE57","comp_flag_DJF-HTDD-BASE57","meas_flag_DJF-HTDD-BASE57","years_DJF-HTDD-BASE57","DJF-HTDD-BASE60","comp_flag_DJF-HTDD-BASE60","meas_flag_DJF-HTDD-BASE60","years_DJF-HTDD-BASE60","DJF-CLDD-NORMAL","comp_flag_DJF-CLDD-NORMAL","meas_flag_DJF-CLDD-NORMAL","years_DJF-CLDD-NORMAL","DJF-CLDD-BASE40","comp_flag_DJF-CLDD-BASE40","meas_flag_DJF-CLDD-BASE40","years_DJF-CLDD-BASE40","DJF-CLDD-BASE45","comp_flag_DJF-CLDD-BASE45","meas_flag_DJF-CLDD-BASE45","years_DJF-CLDD-BASE45","DJF-CLDD-BASE50","comp_flag_DJF-CLDD-BASE50","meas_flag_DJF-CLDD-BASE50","years_DJF-CLDD-BASE50","DJF-CLDD-BASE55","comp_flag_DJF-CLDD-BASE55","meas_flag_DJF-CLDD-BASE55","years_DJF-CLDD-BASE55","DJF-CLDD-BASE57","comp_flag_DJF-CLDD-BASE57","meas_flag_DJF-CLDD-BASE57","years_DJF-CLDD-BASE57","DJF-CLDD-BASE60","comp_flag_DJF-CLDD-BASE60","meas_flag_DJF-CLDD-BASE60","years_DJF-CLDD-BASE60","DJF-CLDD-BASE70","comp_flag_DJF-CLDD-BASE70","meas_flag_DJF-CLDD-BASE70","years_DJF-CLDD-BASE70","DJF-CLDD-BASE72","comp_flag_DJF-CLDD-BASE72","meas_flag_DJF-CLDD-BASE72","years_DJF-CLDD-BASE72","DJF-GRDD-BASE65","comp_flag_DJF-GRDD-BASE65","meas_flag_DJF-GRDD-BASE65","years_DJF-GRDD-BASE65","DJF-GRDD-BASE40","comp_flag_DJF-GRDD-BASE40","meas_flag_DJF-GRDD-BASE40","years_DJF-GRDD-BASE40","DJF-GRDD-BASE45","comp_flag_DJF-GRDD-BASE45","meas_flag_DJF-GRDD-BASE45","years_DJF-GRDD-BASE45","DJF-GRDD-BASE50","comp_flag_DJF-GRDD-BASE50","meas_flag_DJF-GRDD-BASE50","years_DJF-GRDD-BASE50","DJF-GRDD-BASE55","comp_flag_DJF-GRDD-BASE55","meas_flag_DJF-GRDD-BASE55","years_DJF-GRDD-BASE55","DJF-GRDD-BASE57","comp_flag_DJF-GRDD-BASE57","meas_flag_DJF-GRDD-BASE57","years_DJF-GRDD-BASE57","DJF-GRDD-BASE60","comp_flag_DJF-GRDD-BASE60","meas_flag_DJF-GRDD-BASE60","years_DJF-GRDD-BASE60","DJF-GRDD-BASE70","comp_flag_DJF-GRDD-BASE70","meas_flag_DJF-GRDD-BASE70","years_DJF-GRDD-BASE70","DJF-GRDD-BASE72","comp_flag_DJF-GRDD-BASE72","meas_flag_DJF-GRDD-BASE72","years_DJF-GRDD-BASE72","DJF-GRDD-TB4886","comp_flag_DJF-GRDD-TB4886","meas_flag_DJF-GRDD-TB4886","years_DJF-GRDD-TB4886","DJF-GRDD-TB5086","comp_flag_DJF-GRDD-TB5086","meas_flag_DJF-GRDD-TB5086","years_DJF-GRDD-TB5086","DJF-PRCP-NORMAL","comp_flag_DJF-PRCP-NORMAL","meas_flag_DJF-PRCP-NORMAL","years_DJF-PRCP-NORMAL","DJF-PRCP-AVGNDS-GE001HI","comp_flag_DJF-PRCP-AVGNDS-GE001HI","meas_flag_DJF-PRCP-AVGNDS-GE001HI","years_DJF-PRCP-AVGNDS-GE001HI","DJF-PRCP-AVGNDS-GE010HI","comp_flag_DJF-PRCP-AVGNDS-GE010HI","meas_flag_DJF-PRCP-AVGNDS-GE010HI","years_DJF-PRCP-AVGNDS-GE010HI","DJF-PRCP-AVGNDS-GE025HI","comp_flag_DJF-PRCP-AVGNDS-GE025HI","meas_flag_DJF-PRCP-AVGNDS-GE025HI","years_DJF-PRCP-AVGNDS-GE025HI","DJF-PRCP-AVGNDS-GE050HI","comp_flag_DJF-PRCP-AVGNDS-GE050HI","meas_flag_DJF-PRCP-AVGNDS-GE050HI","years_DJF-PRCP-AVGNDS-GE050HI","DJF-PRCP-AVGNDS-GE100HI","comp_flag_DJF-PRCP-AVGNDS-GE100HI","meas_flag_DJF-PRCP-AVGNDS-GE100HI","years_DJF-PRCP-AVGNDS-GE100HI","DJF-PRCP-AVGNDS-GE200HI","comp_flag_DJF-PRCP-AVGNDS-GE200HI","meas_flag_DJF-PRCP-AVGNDS-GE200HI","years_DJF-PRCP-AVGNDS-GE200HI","DJF-PRCP-AVGNDS-GE400HI","comp_flag_DJF-PRCP-AVGNDS-GE400HI","meas_flag_DJF-PRCP-AVGNDS-GE400HI","years_DJF-PRCP-AVGNDS-GE400HI","DJF-PRCP-AVGNDS-GE600HI","comp_flag_DJF-PRCP-AVGNDS-GE600HI","meas_flag_DJF-PRCP-AVGNDS-GE600HI","years_DJF-PRCP-AVGNDS-GE600HI","ANN-TAVG-NORMAL","comp_flag_ANN-TAVG-NORMAL","meas_flag_ANN-TAVG-NORMAL","years_ANN-TAVG-NORMAL","ANN-TMIN-NORMAL","comp_flag_ANN-TMIN-NORMAL","meas_flag_ANN-TMIN-NORMAL","years_ANN-TMIN-NORMAL","ANN-TMAX-NORMAL","comp_flag_ANN-TMAX-NORMAL","meas_flag_ANN-TMAX-NORMAL","years_ANN-TMAX-NORMAL","ANN-DUTR-NORMAL","comp_flag_ANN-DUTR-NORMAL","meas_flag_ANN-DUTR-NORMAL","years_ANN-DUTR-NORMAL","ANN-TMIN-AVGNDS-LSTH000","comp_flag_ANN-TMIN-AVGNDS-LSTH000","meas_flag_ANN-TMIN-AVGNDS-LSTH000","years_ANN-TMIN-AVGNDS-LSTH000","ANN-TMIN-AVGNDS-LSTH010","comp_flag_ANN-TMIN-AVGNDS-LSTH010","meas_flag_ANN-TMIN-AVGNDS-LSTH010","years_ANN-TMIN-AVGNDS-LSTH010","ANN-TMIN-AVGNDS-LSTH020","comp_flag_ANN-TMIN-AVGNDS-LSTH020","meas_flag_ANN-TMIN-AVGNDS-LSTH020","years_ANN-TMIN-AVGNDS-LSTH020","ANN-TMIN-AVGNDS-LSTH032","comp_flag_ANN-TMIN-AVGNDS-LSTH032","meas_flag_ANN-TMIN-AVGNDS-LSTH032","years_ANN-TMIN-AVGNDS-LSTH032","ANN-TMIN-AVGNDS-LSTH040","comp_flag_ANN-TMIN-AVGNDS-LSTH040","meas_flag_ANN-TMIN-AVGNDS-LSTH040","years_ANN-TMIN-AVGNDS-LSTH040","ANN-TMIN-AVGNDS-LSTH050","comp_flag_ANN-TMIN-AVGNDS-LSTH050","meas_flag_ANN-TMIN-AVGNDS-LSTH050","years_ANN-TMIN-AVGNDS-LSTH050","ANN-TMIN-AVGNDS-LSTH060","comp_flag_ANN-TMIN-AVGNDS-LSTH060","meas_flag_ANN-TMIN-AVGNDS-LSTH060","years_ANN-TMIN-AVGNDS-LSTH060","ANN-TMIN-AVGNDS-LSTH070","comp_flag_ANN-TMIN-AVGNDS-LSTH070","meas_flag_ANN-TMIN-AVGNDS-LSTH070","years_ANN-TMIN-AVGNDS-LSTH070","ANN-HTDD-NORMAL","comp_flag_ANN-HTDD-NORMAL","meas_flag_ANN-HTDD-NORMAL","years_ANN-HTDD-NORMAL","ANN-HTDD-BASE40","comp_flag_ANN-HTDD-BASE40","meas_flag_ANN-HTDD-BASE40","years_ANN-HTDD-BASE40","ANN-HTDD-BASE45","comp_flag_ANN-HTDD-BASE45","meas_flag_ANN-HTDD-BASE45","years_ANN-HTDD-BASE45","ANN-HTDD-BASE50","comp_flag_ANN-HTDD-BASE50","meas_flag_ANN-HTDD-BASE50","years_ANN-HTDD-BASE50","ANN-HTDD-BASE55","comp_flag_ANN-HTDD-BASE55","meas_flag_ANN-HTDD-BASE55","years_ANN-HTDD-BASE55","ANN-HTDD-BASE57","comp_flag_ANN-HTDD-BASE57","meas_flag_ANN-HTDD-BASE57","years_ANN-HTDD-BASE57","ANN-HTDD-BASE60","comp_flag_ANN-HTDD-BASE60","meas_flag_ANN-HTDD-BASE60","years_ANN-HTDD-BASE60","ANN-CLDD-NORMAL","comp_flag_ANN-CLDD-NORMAL","meas_flag_ANN-CLDD-NORMAL","years_ANN-CLDD-NORMAL","ANN-CLDD-BASE40","comp_flag_ANN-CLDD-BASE40","meas_flag_ANN-CLDD-BASE40","years_ANN-CLDD-BASE40","ANN-CLDD-BASE45","comp_flag_ANN-CLDD-BASE45","meas_flag_ANN-CLDD-BASE45","years_ANN-CLDD-BASE45","ANN-CLDD-BASE50","comp_flag_ANN-CLDD-BASE50","meas_flag_ANN-CLDD-BASE50","years_ANN-CLDD-BASE50","ANN-CLDD-BASE55","comp_flag_ANN-CLDD-BASE55","meas_flag_ANN-CLDD-BASE55","years_ANN-CLDD-BASE55","ANN-CLDD-BASE57","comp_flag_ANN-CLDD-BASE57","meas_flag_ANN-CLDD-BASE57","years_ANN-CLDD-BASE57","ANN-CLDD-BASE60","comp_flag_ANN-CLDD-BASE60","meas_flag_ANN-CLDD-BASE60","years_ANN-CLDD-BASE60","ANN-CLDD-BASE70","comp_flag_ANN-CLDD-BASE70","meas_flag_ANN-CLDD-BASE70","years_ANN-CLDD-BASE70","ANN-CLDD-BASE72","comp_flag_ANN-CLDD-BASE72","meas_flag_ANN-CLDD-BASE72","years_ANN-CLDD-BASE72","ANN-GRDD-BASE65","comp_flag_ANN-GRDD-BASE65","meas_flag_ANN-GRDD-BASE65","years_ANN-GRDD-BASE65","ANN-GRDD-BASE40","meas_flag_ANN-GRDD-BASE40","years_ANN-GRDD-BASE40","ANN-GRDD-BASE45","comp_flag_ANN-GRDD-BASE45","meas_flag_ANN-GRDD-BASE45","years_ANN-GRDD-BASE45","ANN-GRDD-BASE50","comp_flag_ANN-GRDD-BASE50","meas_flag_ANN-GRDD-BASE50","years_ANN-GRDD-BASE50","ANN-GRDD-BASE55","comp_flag_ANN-GRDD-BASE55","meas_flag_ANN-GRDD-BASE55","years_ANN-GRDD-BASE55","ANN-GRDD-BASE57","comp_flag_ANN-GRDD-BASE57","meas_flag_ANN-GRDD-BASE57","years_ANN-GRDD-BASE57","ANN-GRDD-BASE60","comp_flag_ANN-GRDD-BASE60","meas_flag_ANN-GRDD-BASE60","years_ANN-GRDD-BASE60","ANN-GRDD-BASE70","comp_flag_ANN-GRDD-BASE70","meas_flag_ANN-GRDD-BASE70","years_ANN-GRDD-BASE70","ANN-GRDD-BASE72","comp_flag_ANN-GRDD-BASE72","meas_flag_ANN-GRDD-BASE72","years_ANN-GRDD-BASE72","ANN-GRDD-TB4886","comp_flag_ANN-GRDD-TB4886","meas_flag_ANN-GRDD-TB4886","years_ANN-GRDD-TB4886","ANN-GRDD-TB5086","comp_flag_ANN-GRDD-TB5086","meas_flag_ANN-GRDD-TB5086","years_ANN-GRDD-TB5086","ANN-PRCP-NORMAL","comp_flag_ANN-PRCP-NORMAL","meas_flag_ANN-PRCP-NORMAL","years_ANN-PRCP-NORMAL","ANN-PRCP-AVGNDS-GE001HI","comp_flag_ANN-PRCP-AVGNDS-GE001HI","meas_flag_ANN-PRCP-AVGNDS-GE001HI","years_ANN-PRCP-AVGNDS-GE001HI","ANN-PRCP-AVGNDS-GE010HI","comp_flag_ANN-PRCP-AVGNDS-GE010HI","meas_flag_ANN-PRCP-AVGNDS-GE010HI","years_ANN-PRCP-AVGNDS-GE010HI","ANN-PRCP-AVGNDS-GE025HI","comp_flag_ANN-PRCP-AVGNDS-GE025HI","meas_flag_ANN-PRCP-AVGNDS-GE025HI","years_ANN-PRCP-AVGNDS-GE025HI","ANN-PRCP-AVGNDS-GE050HI","comp_flag_ANN-PRCP-AVGNDS-GE050HI","meas_flag_ANN-PRCP-AVGNDS-GE050HI","years_ANN-PRCP-AVGNDS-GE050HI","ANN-PRCP-AVGNDS-GE100HI","comp_flag_ANN-PRCP-AVGNDS-GE100HI","meas_flag_ANN-PRCP-AVGNDS-GE100HI","years_ANN-PRCP-AVGNDS-GE100HI","ANN-PRCP-AVGNDS-GE200HI","comp_flag_ANN-PRCP-AVGNDS-GE200HI","meas_flag_ANN-PRCP-AVGNDS-GE200HI","years_ANN-PRCP-AVGNDS-GE200HI","ANN-PRCP-AVGNDS-GE400HI","comp_flag_ANN-PRCP-AVGNDS-GE400HI","meas_flag_ANN-PRCP-AVGNDS-GE400HI","years_ANN-PRCP-AVGNDS-GE400HI","ANN-PRCP-AVGNDS-GE600HI","comp_flag_ANN-PRCP-AVGNDS-GE600HI","meas_flag_ANN-PRCP-AVGNDS-GE600HI","years_ANN-PRCP-AVGNDS-GE600HI","ANN-TMIN-PRBFST-T16FP10","comp_flag_ANN-TMIN-PRBFST-T16FP10","meas_flag_ANN-TMIN-PRBFST-T16FP10","years_ANN-TMIN-PRBFST-T16FP10","ANN-TMIN-PRBFST-T16FP20","comp_flag_ANN-TMIN-PRBFST-T16FP20","meas_flag_ANN-TMIN-PRBFST-T16FP20","years_ANN-TMIN-PRBFST-T16FP20","ANN-TMIN-PRBFST-T16FP30","comp_flag_ANN-TMIN-PRBFST-T16FP30","meas_flag_ANN-TMIN-PRBFST-T16FP30","years_ANN-TMIN-PRBFST-T16FP30","ANN-TMIN-PRBFST-T16FP40","comp_flag_ANN-TMIN-PRBFST-T16FP40","meas_flag_ANN-TMIN-PRBFST-T16FP40","years_ANN-TMIN-PRBFST-T16FP40","ANN-TMIN-PRBFST-T16FP50","comp_flag_ANN-TMIN-PRBFST-T16FP50","meas_flag_ANN-TMIN-PRBFST-T16FP50","years_ANN-TMIN-PRBFST-T16FP50","ANN-TMIN-PRBFST-T16FP60","comp_flag_ANN-TMIN-PRBFST-T16FP60","meas_flag_ANN-TMIN-PRBFST-T16FP60","years_ANN-TMIN-PRBFST-T16FP60","ANN-TMIN-PRBFST-T16FP70","comp_flag_ANN-TMIN-PRBFST-T16FP70","meas_flag_ANN-TMIN-PRBFST-T16FP70","years_ANN-TMIN-PRBFST-T16FP70","ANN-TMIN-PRBFST-T16FP80","comp_flag_ANN-TMIN-PRBFST-T16FP80","meas_flag_ANN-TMIN-PRBFST-T16FP80","years_ANN-TMIN-PRBFST-T16FP80","ANN-TMIN-PRBFST-T16FP90","comp_flag_ANN-TMIN-PRBFST-T16FP90","meas_flag_ANN-TMIN-PRBFST-T16FP90","years_ANN-TMIN-PRBFST-T16FP90","ANN-TMIN-PRBFST-T20FP10","comp_flag_ANN-TMIN-PRBFST-T20FP10","meas_flag_ANN-TMIN-PRBFST-T20FP10","years_ANN-TMIN-PRBFST-T20FP10","ANN-TMIN-PRBFST-T20FP20","comp_flag_ANN-TMIN-PRBFST-T20FP20","meas_flag_ANN-TMIN-PRBFST-T20FP20","years_ANN-TMIN-PRBFST-T20FP20","ANN-TMIN-PRBFST-T20FP30","comp_flag_ANN-TMIN-PRBFST-T20FP30","meas_flag_ANN-TMIN-PRBFST-T20FP30","years_ANN-TMIN-PRBFST-T20FP30","ANN-TMIN-PRBFST-T20FP40","comp_flag_ANN-TMIN-PRBFST-T20FP40","meas_flag_ANN-TMIN-PRBFST-T20FP40","years_ANN-TMIN-PRBFST-T20FP40","ANN-TMIN-PRBFST-T20FP50","comp_flag_ANN-TMIN-PRBFST-T20FP50","meas_flag_ANN-TMIN-PRBFST-T20FP50","years_ANN-TMIN-PRBFST-T20FP50","ANN-TMIN-PRBFST-T20FP60","comp_flag_ANN-TMIN-PRBFST-T20FP60","meas_flag_ANN-TMIN-PRBFST-T20FP60","years_ANN-TMIN-PRBFST-T20FP60","ANN-TMIN-PRBFST-T20FP70","comp_flag_ANN-TMIN-PRBFST-T20FP70","meas_flag_ANN-TMIN-PRBFST-T20FP70","years_ANN-TMIN-PRBFST-T20FP70","ANN-TMIN-PRBFST-T20FP80","comp_flag_ANN-TMIN-PRBFST-T20FP80","meas_flag_ANN-TMIN-PRBFST-T20FP80","years_ANN-TMIN-PRBFST-T20FP80","ANN-TMIN-PRBFST-T20FP90","comp_flag_ANN-TMIN-PRBFST-T20FP90","meas_flag_ANN-TMIN-PRBFST-T20FP90","years_ANN-TMIN-PRBFST-T20FP90","ANN-TMIN-PRBFST-T24FP10","comp_flag_ANN-TMIN-PRBFST-T24FP10","meas_flag_ANN-TMIN-PRBFST-T24FP10","years_ANN-TMIN-PRBFST-T24FP10","ANN-TMIN-PRBFST-T24FP20","comp_flag_ANN-TMIN-PRBFST-T24FP20","meas_flag_ANN-TMIN-PRBFST-T24FP20","years_ANN-TMIN-PRBFST-T24FP20","ANN-TMIN-PRBFST-T24FP30","comp_flag_ANN-TMIN-PRBFST-T24FP30","meas_flag_ANN-TMIN-PRBFST-T24FP30","years_ANN-TMIN-PRBFST-T24FP30","ANN-TMIN-PRBFST-T24FP40","comp_flag_ANN-TMIN-PRBFST-T24FP40","meas_flag_ANN-TMIN-PRBFST-T24FP40","years_ANN-TMIN-PRBFST-T24FP40","ANN-TMIN-PRBFST-T24FP50","comp_flag_ANN-TMIN-PRBFST-T24FP50","meas_flag_ANN-TMIN-PRBFST-T24FP50","years_ANN-TMIN-PRBFST-T24FP50","ANN-TMIN-PRBFST-T24FP60","comp_flag_ANN-TMIN-PRBFST-T24FP60","meas_flag_ANN-TMIN-PRBFST-T24FP60","years_ANN-TMIN-PRBFST-T24FP60","ANN-TMIN-PRBFST-T24FP70","comp_flag_ANN-TMIN-PRBFST-T24FP70","meas_flag_ANN-TMIN-PRBFST-T24FP70","years_ANN-TMIN-PRBFST-T24FP70","ANN-TMIN-PRBFST-T24FP80","comp_flag_ANN-TMIN-PRBFST-T24FP80","meas_flag_ANN-TMIN-PRBFST-T24FP80","years_ANN-TMIN-PRBFST-T24FP80","ANN-TMIN-PRBFST-T24FP90","comp_flag_ANN-TMIN-PRBFST-T24FP90","meas_flag_ANN-TMIN-PRBFST-T24FP90","years_ANN-TMIN-PRBFST-T24FP90","ANN-TMIN-PRBFST-T28FP10","comp_flag_ANN-TMIN-PRBFST-T28FP10","meas_flag_ANN-TMIN-PRBFST-T28FP10","years_ANN-TMIN-PRBFST-T28FP10","ANN-TMIN-PRBFST-T28FP20","comp_flag_ANN-TMIN-PRBFST-T28FP20","meas_flag_ANN-TMIN-PRBFST-T28FP20","years_ANN-TMIN-PRBFST-T28FP20","ANN-TMIN-PRBFST-T28FP30","comp_flag_ANN-TMIN-PRBFST-T28FP30","meas_flag_ANN-TMIN-PRBFST-T28FP30","years_ANN-TMIN-PRBFST-T28FP30","ANN-TMIN-PRBFST-T28FP40","comp_flag_ANN-TMIN-PRBFST-T28FP40","meas_flag_ANN-TMIN-PRBFST-T28FP40","years_ANN-TMIN-PRBFST-T28FP40","ANN-TMIN-PRBFST-T28FP50","comp_flag_ANN-TMIN-PRBFST-T28FP50","meas_flag_ANN-TMIN-PRBFST-T28FP50","years_ANN-TMIN-PRBFST-T28FP50","ANN-TMIN-PRBFST-T28FP60","comp_flag_ANN-TMIN-PRBFST-T28FP60","meas_flag_ANN-TMIN-PRBFST-T28FP60","years_ANN-TMIN-PRBFST-T28FP60","ANN-TMIN-PRBFST-T28FP70","comp_flag_ANN-TMIN-PRBFST-T28FP70","meas_flag_ANN-TMIN-PRBFST-T28FP70","years_ANN-TMIN-PRBFST-T28FP70","ANN-TMIN-PRBFST-T28FP80","comp_flag_ANN-TMIN-PRBFST-T28FP80","meas_flag_ANN-TMIN-PRBFST-T28FP80","years_ANN-TMIN-PRBFST-T28FP80","ANN-TMIN-PRBFST-T28FP90","comp_flag_ANN-TMIN-PRBFST-T28FP90","meas_flag_ANN-TMIN-PRBFST-T28FP90","years_ANN-TMIN-PRBFST-T28FP90","ANN-TMIN-PRBFST-T32FP10","comp_flag_ANN-TMIN-PRBFST-T32FP10","meas_flag_ANN-TMIN-PRBFST-T32FP10","years_ANN-TMIN-PRBFST-T32FP10","ANN-TMIN-PRBFST-T32FP20","comp_flag_ANN-TMIN-PRBFST-T32FP20","meas_flag_ANN-TMIN-PRBFST-T32FP20","years_ANN-TMIN-PRBFST-T32FP20","ANN-TMIN-PRBFST-T32FP30","comp_flag_ANN-TMIN-PRBFST-T32FP30","meas_flag_ANN-TMIN-PRBFST-T32FP30","years_ANN-TMIN-PRBFST-T32FP30","ANN-TMIN-PRBFST-T32FP40","comp_flag_ANN-TMIN-PRBFST-T32FP40","meas_flag_ANN-TMIN-PRBFST-T32FP40","years_ANN-TMIN-PRBFST-T32FP40","ANN-TMIN-PRBFST-T32FP50","comp_flag_ANN-TMIN-PRBFST-T32FP50","meas_flag_ANN-TMIN-PRBFST-T32FP50","years_ANN-TMIN-PRBFST-T32FP50","ANN-TMIN-PRBFST-T32FP60","comp_flag_ANN-TMIN-PRBFST-T32FP60","meas_flag_ANN-TMIN-PRBFST-T32FP60","years_ANN-TMIN-PRBFST-T32FP60","ANN-TMIN-PRBFST-T32FP70","comp_flag_ANN-TMIN-PRBFST-T32FP70","meas_flag_ANN-TMIN-PRBFST-T32FP70","years_ANN-TMIN-PRBFST-T32FP70","ANN-TMIN-PRBFST-T32FP80","comp_flag_ANN-TMIN-PRBFST-T32FP80","meas_flag_ANN-TMIN-PRBFST-T32FP80","years_ANN-TMIN-PRBFST-T32FP80","ANN-TMIN-PRBFST-T32FP90","comp_flag_ANN-TMIN-PRBFST-T32FP90","meas_flag_ANN-TMIN-PRBFST-T32FP90","years_ANN-TMIN-PRBFST-T32FP90","ANN-TMIN-PRBFST-T36FP10","comp_flag_ANN-TMIN-PRBFST-T36FP10","meas_flag_ANN-TMIN-PRBFST-T36FP10","years_ANN-TMIN-PRBFST-T36FP10","ANN-TMIN-PRBFST-T36FP20","comp_flag_ANN-TMIN-PRBFST-T36FP20","meas_flag_ANN-TMIN-PRBFST-T36FP20","years_ANN-TMIN-PRBFST-T36FP20","ANN-TMIN-PRBFST-T36FP30","comp_flag_ANN-TMIN-PRBFST-T36FP30","meas_flag_ANN-TMIN-PRBFST-T36FP30","years_ANN-TMIN-PRBFST-T36FP30","ANN-TMIN-PRBFST-T36FP40","comp_flag_ANN-TMIN-PRBFST-T36FP40","meas_flag_ANN-TMIN-PRBFST-T36FP40","years_ANN-TMIN-PRBFST-T36FP40","ANN-TMIN-PRBFST-T36FP50","comp_flag_ANN-TMIN-PRBFST-T36FP50","meas_flag_ANN-TMIN-PRBFST-T36FP50","years_ANN-TMIN-PRBFST-T36FP50","ANN-TMIN-PRBFST-T36FP60","comp_flag_ANN-TMIN-PRBFST-T36FP60","meas_flag_ANN-TMIN-PRBFST-T36FP60","years_ANN-TMIN-PRBFST-T36FP60","ANN-TMIN-PRBFST-T36FP70","comp_flag_ANN-TMIN-PRBFST-T36FP70","meas_flag_ANN-TMIN-PRBFST-T36FP70","years_ANN-TMIN-PRBFST-T36FP70","ANN-TMIN-PRBFST-T36FP80","comp_flag_ANN-TMIN-PRBFST-T36FP80","meas_flag_ANN-TMIN-PRBFST-T36FP80","years_ANN-TMIN-PRBFST-T36FP80","ANN-TMIN-PRBFST-T36FP90","comp_flag_ANN-TMIN-PRBFST-T36FP90","meas_flag_ANN-TMIN-PRBFST-T36FP90","years_ANN-TMIN-PRBFST-T36FP90","ANN-TMIN-PRBGSL-T16FP10","comp_flag_ANN-TMIN-PRBGSL-T16FP10","meas_flag_ANN-TMIN-PRBGSL-T16FP10","years_ANN-TMIN-PRBGSL-T16FP10","ANN-TMIN-PRBGSL-T16FP20","comp_flag_ANN-TMIN-PRBGSL-T16FP20","meas_flag_ANN-TMIN-PRBGSL-T16FP20","years_ANN-TMIN-PRBGSL-T16FP20","ANN-TMIN-PRBGSL-T16FP30","comp_flag_ANN-TMIN-PRBGSL-T16FP30","meas_flag_ANN-TMIN-PRBGSL-T16FP30","years_ANN-TMIN-PRBGSL-T16FP30","ANN-TMIN-PRBGSL-T16FP40","comp_flag_ANN-TMIN-PRBGSL-T16FP40","meas_flag_ANN-TMIN-PRBGSL-T16FP40","years_ANN-TMIN-PRBGSL-T16FP40","ANN-TMIN-PRBGSL-T16FP50","comp_flag_ANN-TMIN-PRBGSL-T16FP50","meas_flag_ANN-TMIN-PRBGSL-T16FP50","years_ANN-TMIN-PRBGSL-T16FP50","ANN-TMIN-PRBGSL-T16FP60","comp_flag_ANN-TMIN-PRBGSL-T16FP60","meas_flag_ANN-TMIN-PRBGSL-T16FP60","years_ANN-TMIN-PRBGSL-T16FP60","ANN-TMIN-PRBGSL-T16FP70","comp_flag_ANN-TMIN-PRBGSL-T16FP70","meas_flag_ANN-TMIN-PRBGSL-T16FP70","years_ANN-TMIN-PRBGSL-T16FP70","ANN-TMIN-PRBGSL-T16FP80","comp_flag_ANN-TMIN-PRBGSL-T16FP80","meas_flag_ANN-TMIN-PRBGSL-T16FP80","years_ANN-TMIN-PRBGSL-T16FP80","ANN-TMIN-PRBGSL-T16FP90","comp_flag_ANN-TMIN-PRBGSL-T16FP90","meas_flag_ANN-TMIN-PRBGSL-T16FP90","years_ANN-TMIN-PRBGSL-T16FP90","ANN-TMIN-PRBGSL-T20FP10","comp_flag_ANN-TMIN-PRBGSL-T20FP10","meas_flag_ANN-TMIN-PRBGSL-T20FP10","years_ANN-TMIN-PRBGSL-T20FP10","ANN-TMIN-PRBGSL-T20FP20","comp_flag_ANN-TMIN-PRBGSL-T20FP20","meas_flag_ANN-TMIN-PRBGSL-T20FP20","years_ANN-TMIN-PRBGSL-T20FP20","ANN-TMIN-PRBGSL-T20FP30","comp_flag_ANN-TMIN-PRBGSL-T20FP30","meas_flag_ANN-TMIN-PRBGSL-T20FP30","years_ANN-TMIN-PRBGSL-T20FP30","ANN-TMIN-PRBGSL-T20FP40","comp_flag_ANN-TMIN-PRBGSL-T20FP40","meas_flag_ANN-TMIN-PRBGSL-T20FP40","years_ANN-TMIN-PRBGSL-T20FP40","ANN-TMIN-PRBGSL-T20FP50","comp_flag_ANN-TMIN-PRBGSL-T20FP50","meas_flag_ANN-TMIN-PRBGSL-T20FP50","years_ANN-TMIN-PRBGSL-T20FP50","ANN-TMIN-PRBGSL-T20FP60","comp_flag_ANN-TMIN-PRBGSL-T20FP60","meas_flag_ANN-TMIN-PRBGSL-T20FP60","years_ANN-TMIN-PRBGSL-T20FP60","ANN-TMIN-PRBGSL-T20FP70","comp_flag_ANN-TMIN-PRBGSL-T20FP70","meas_flag_ANN-TMIN-PRBGSL-T20FP70","years_ANN-TMIN-PRBGSL-T20FP70","ANN-TMIN-PRBGSL-T20FP80","comp_flag_ANN-TMIN-PRBGSL-T20FP80","meas_flag_ANN-TMIN-PRBGSL-T20FP80","years_ANN-TMIN-PRBGSL-T20FP80","ANN-TMIN-PRBGSL-T20FP90","comp_flag_ANN-TMIN-PRBGSL-T20FP90","meas_flag_ANN-TMIN-PRBGSL-T20FP90","years_ANN-TMIN-PRBGSL-T20FP90","ANN-TMIN-PRBGSL-T24FP10","comp_flag_ANN-TMIN-PRBGSL-T24FP10","meas_flag_ANN-TMIN-PRBGSL-T24FP10","years_ANN-TMIN-PRBGSL-T24FP10","ANN-TMIN-PRBGSL-T24FP20","comp_flag_ANN-TMIN-PRBGSL-T24FP20","meas_flag_ANN-TMIN-PRBGSL-T24FP20","years_ANN-TMIN-PRBGSL-T24FP20","ANN-TMIN-PRBGSL-T24FP30","comp_flag_ANN-TMIN-PRBGSL-T24FP30","meas_flag_ANN-TMIN-PRBGSL-T24FP30","years_ANN-TMIN-PRBGSL-T24FP30","ANN-TMIN-PRBGSL-T24FP40","comp_flag_ANN-TMIN-PRBGSL-T24FP40","meas_flag_ANN-TMIN-PRBGSL-T24FP40","years_ANN-TMIN-PRBGSL-T24FP40","ANN-TMIN-PRBGSL-T24FP50","comp_flag_ANN-TMIN-PRBGSL-T24FP50","meas_flag_ANN-TMIN-PRBGSL-T24FP50","years_ANN-TMIN-PRBGSL-T24FP50","ANN-TMIN-PRBGSL-T24FP60","comp_flag_ANN-TMIN-PRBGSL-T24FP60","meas_flag_ANN-TMIN-PRBGSL-T24FP60","years_ANN-TMIN-PRBGSL-T24FP60","ANN-TMIN-PRBGSL-T24FP70","comp_flag_ANN-TMIN-PRBGSL-T24FP70","meas_flag_ANN-TMIN-PRBGSL-T24FP70","years_ANN-TMIN-PRBGSL-T24FP70","ANN-TMIN-PRBGSL-T24FP80","comp_flag_ANN-TMIN-PRBGSL-T24FP80","meas_flag_ANN-TMIN-PRBGSL-T24FP80","years_ANN-TMIN-PRBGSL-T24FP80","ANN-TMIN-PRBGSL-T24FP90","comp_flag_ANN-TMIN-PRBGSL-T24FP90","meas_flag_ANN-TMIN-PRBGSL-T24FP90","years_ANN-TMIN-PRBGSL-T24FP90","ANN-TMIN-PRBGSL-T28FP10","comp_flag_ANN-TMIN-PRBGSL-T28FP10","meas_flag_ANN-TMIN-PRBGSL-T28FP10","years_ANN-TMIN-PRBGSL-T28FP10","ANN-TMIN-PRBGSL-T28FP20","comp_flag_ANN-TMIN-PRBGSL-T28FP20","meas_flag_ANN-TMIN-PRBGSL-T28FP20","years_ANN-TMIN-PRBGSL-T28FP20","ANN-TMIN-PRBGSL-T28FP30","comp_flag_ANN-TMIN-PRBGSL-T28FP30","meas_flag_ANN-TMIN-PRBGSL-T28FP30","years_ANN-TMIN-PRBGSL-T28FP30","ANN-TMIN-PRBGSL-T28FP40","comp_flag_ANN-TMIN-PRBGSL-T28FP40","meas_flag_ANN-TMIN-PRBGSL-T28FP40","years_ANN-TMIN-PRBGSL-T28FP40","ANN-TMIN-PRBGSL-T28FP50","comp_flag_ANN-TMIN-PRBGSL-T28FP50","meas_flag_ANN-TMIN-PRBGSL-T28FP50","years_ANN-TMIN-PRBGSL-T28FP50","ANN-TMIN-PRBGSL-T28FP60","comp_flag_ANN-TMIN-PRBGSL-T28FP60","meas_flag_ANN-TMIN-PRBGSL-T28FP60","years_ANN-TMIN-PRBGSL-T28FP60","ANN-TMIN-PRBGSL-T28FP70","comp_flag_ANN-TMIN-PRBGSL-T28FP70","meas_flag_ANN-TMIN-PRBGSL-T28FP70","years_ANN-TMIN-PRBGSL-T28FP70","ANN-TMIN-PRBGSL-T28FP80","comp_flag_ANN-TMIN-PRBGSL-T28FP80","meas_flag_ANN-TMIN-PRBGSL-T28FP80","years_ANN-TMIN-PRBGSL-T28FP80","ANN-TMIN-PRBGSL-T28FP90","comp_flag_ANN-TMIN-PRBGSL-T28FP90","meas_flag_ANN-TMIN-PRBGSL-T28FP90","years_ANN-TMIN-PRBGSL-T28FP90","ANN-TMIN-PRBGSL-T32FP10","comp_flag_ANN-TMIN-PRBGSL-T32FP10","meas_flag_ANN-TMIN-PRBGSL-T32FP10","years_ANN-TMIN-PRBGSL-T32FP10","ANN-TMIN-PRBGSL-T32FP20","comp_flag_ANN-TMIN-PRBGSL-T32FP20","meas_flag_ANN-TMIN-PRBGSL-T32FP20","years_ANN-TMIN-PRBGSL-T32FP20","ANN-TMIN-PRBGSL-T32FP30","comp_flag_ANN-TMIN-PRBGSL-T32FP30","meas_flag_ANN-TMIN-PRBGSL-T32FP30","years_ANN-TMIN-PRBGSL-T32FP30","ANN-TMIN-PRBGSL-T32FP40","comp_flag_ANN-TMIN-PRBGSL-T32FP40","meas_flag_ANN-TMIN-PRBGSL-T32FP40","years_ANN-TMIN-PRBGSL-T32FP40","ANN-TMIN-PRBGSL-T32FP50","comp_flag_ANN-TMIN-PRBGSL-T32FP50","meas_flag_ANN-TMIN-PRBGSL-T32FP50","years_ANN-TMIN-PRBGSL-T32FP50","ANN-TMIN-PRBGSL-T32FP60","comp_flag_ANN-TMIN-PRBGSL-T32FP60","meas_flag_ANN-TMIN-PRBGSL-T32FP60","years_ANN-TMIN-PRBGSL-T32FP60","ANN-TMIN-PRBGSL-T32FP70","comp_flag_ANN-TMIN-PRBGSL-T32FP70","meas_flag_ANN-TMIN-PRBGSL-T32FP70","years_ANN-TMIN-PRBGSL-T32FP70","ANN-TMIN-PRBGSL-T32FP80","comp_flag_ANN-TMIN-PRBGSL-T32FP80","meas_flag_ANN-TMIN-PRBGSL-T32FP80","years_ANN-TMIN-PRBGSL-T32FP80","ANN-TMIN-PRBGSL-T32FP90","comp_flag_ANN-TMIN-PRBGSL-T32FP90","meas_flag_ANN-TMIN-PRBGSL-T32FP90","years_ANN-TMIN-PRBGSL-T32FP90","ANN-TMIN-PRBGSL-T36FP10","comp_flag_ANN-TMIN-PRBGSL-T36FP10","meas_flag_ANN-TMIN-PRBGSL-T36FP10","years_ANN-TMIN-PRBGSL-T36FP10","ANN-TMIN-PRBGSL-T36FP20","comp_flag_ANN-TMIN-PRBGSL-T36FP20","meas_flag_ANN-TMIN-PRBGSL-T36FP20","years_ANN-TMIN-PRBGSL-T36FP20","ANN-TMIN-PRBGSL-T36FP30","comp_flag_ANN-TMIN-PRBGSL-T36FP30","meas_flag_ANN-TMIN-PRBGSL-T36FP30","years_ANN-TMIN-PRBGSL-T36FP30","ANN-TMIN-PRBGSL-T36FP40","comp_flag_ANN-TMIN-PRBGSL-T36FP40","meas_flag_ANN-TMIN-PRBGSL-T36FP40","years_ANN-TMIN-PRBGSL-T36FP40","ANN-TMIN-PRBGSL-T36FP50","comp_flag_ANN-TMIN-PRBGSL-T36FP50","meas_flag_ANN-TMIN-PRBGSL-T36FP50","years_ANN-TMIN-PRBGSL-T36FP50","ANN-TMIN-PRBGSL-T36FP60","comp_flag_ANN-TMIN-PRBGSL-T36FP60","meas_flag_ANN-TMIN-PRBGSL-T36FP60","years_ANN-TMIN-PRBGSL-T36FP60","ANN-TMIN-PRBGSL-T36FP70","comp_flag_ANN-TMIN-PRBGSL-T36FP70","meas_flag_ANN-TMIN-PRBGSL-T36FP70","years_ANN-TMIN-PRBGSL-T36FP70","ANN-TMIN-PRBGSL-T36FP80","comp_flag_ANN-TMIN-PRBGSL-T36FP80","meas_flag_ANN-TMIN-PRBGSL-T36FP80","years_ANN-TMIN-PRBGSL-T36FP80","ANN-TMIN-PRBGSL-T36FP90","comp_flag_ANN-TMIN-PRBGSL-T36FP90","meas_flag_ANN-TMIN-PRBGSL-T36FP90","years_ANN-TMIN-PRBGSL-T36FP90","ANN-TMIN-PRBLST-T16FP10","comp_flag_ANN-TMIN-PRBLST-T16FP10","meas_flag_ANN-TMIN-PRBLST-T16FP10","years_ANN-TMIN-PRBLST-T16FP10","ANN-TMIN-PRBLST-T16FP20","comp_flag_ANN-TMIN-PRBLST-T16FP20","meas_flag_ANN-TMIN-PRBLST-T16FP20","years_ANN-TMIN-PRBLST-T16FP20","ANN-TMIN-PRBLST-T16FP30","comp_flag_ANN-TMIN-PRBLST-T16FP30","meas_flag_ANN-TMIN-PRBLST-T16FP30","years_ANN-TMIN-PRBLST-T16FP30","ANN-TMIN-PRBLST-T16FP40","comp_flag_ANN-TMIN-PRBLST-T16FP40","meas_flag_ANN-TMIN-PRBLST-T16FP40","years_ANN-TMIN-PRBLST-T16FP40","ANN-TMIN-PRBLST-T16FP50","comp_flag_ANN-TMIN-PRBLST-T16FP50","meas_flag_ANN-TMIN-PRBLST-T16FP50","years_ANN-TMIN-PRBLST-T16FP50","ANN-TMIN-PRBLST-T16FP60","comp_flag_ANN-TMIN-PRBLST-T16FP60","meas_flag_ANN-TMIN-PRBLST-T16FP60","years_ANN-TMIN-PRBLST-T16FP60","ANN-TMIN-PRBLST-T16FP70","comp_flag_ANN-TMIN-PRBLST-T16FP70","meas_flag_ANN-TMIN-PRBLST-T16FP70","years_ANN-TMIN-PRBLST-T16FP70","ANN-TMIN-PRBLST-T16FP80","comp_flag_ANN-TMIN-PRBLST-T16FP80","meas_flag_ANN-TMIN-PRBLST-T16FP80","years_ANN-TMIN-PRBLST-T16FP80","ANN-TMIN-PRBLST-T16FP90","comp_flag_ANN-TMIN-PRBLST-T16FP90","meas_flag_ANN-TMIN-PRBLST-T16FP90","years_ANN-TMIN-PRBLST-T16FP90","ANN-TMIN-PRBLST-T20FP10","comp_flag_ANN-TMIN-PRBLST-T20FP10","meas_flag_ANN-TMIN-PRBLST-T20FP10","years_ANN-TMIN-PRBLST-T20FP10","ANN-TMIN-PRBLST-T20FP20","comp_flag_ANN-TMIN-PRBLST-T20FP20","meas_flag_ANN-TMIN-PRBLST-T20FP20","years_ANN-TMIN-PRBLST-T20FP20","ANN-TMIN-PRBLST-T20FP30","comp_flag_ANN-TMIN-PRBLST-T20FP30","meas_flag_ANN-TMIN-PRBLST-T20FP30","years_ANN-TMIN-PRBLST-T20FP30","ANN-TMIN-PRBLST-T20FP40","comp_flag_ANN-TMIN-PRBLST-T20FP40","meas_flag_ANN-TMIN-PRBLST-T20FP40","years_ANN-TMIN-PRBLST-T20FP40","ANN-TMIN-PRBLST-T20FP50","comp_flag_ANN-TMIN-PRBLST-T20FP50","meas_flag_ANN-TMIN-PRBLST-T20FP50","years_ANN-TMIN-PRBLST-T20FP50","ANN-TMIN-PRBLST-T20FP60","comp_flag_ANN-TMIN-PRBLST-T20FP60","meas_flag_ANN-TMIN-PRBLST-T20FP60","years_ANN-TMIN-PRBLST-T20FP60","ANN-TMIN-PRBLST-T20FP70","comp_flag_ANN-TMIN-PRBLST-T20FP70","meas_flag_ANN-TMIN-PRBLST-T20FP70","years_ANN-TMIN-PRBLST-T20FP70","ANN-TMIN-PRBLST-T20FP80","comp_flag_ANN-TMIN-PRBLST-T20FP80","meas_flag_ANN-TMIN-PRBLST-T20FP80","years_ANN-TMIN-PRBLST-T20FP80","ANN-TMIN-PRBLST-T20FP90","comp_flag_ANN-TMIN-PRBLST-T20FP90","meas_flag_ANN-TMIN-PRBLST-T20FP90","years_ANN-TMIN-PRBLST-T20FP90","ANN-TMIN-PRBLST-T24FP10","comp_flag_ANN-TMIN-PRBLST-T24FP10","meas_flag_ANN-TMIN-PRBLST-T24FP10","years_ANN-TMIN-PRBLST-T24FP10","ANN-TMIN-PRBLST-T24FP20","comp_flag_ANN-TMIN-PRBLST-T24FP20","meas_flag_ANN-TMIN-PRBLST-T24FP20","years_ANN-TMIN-PRBLST-T24FP20","ANN-TMIN-PRBLST-T24FP30","comp_flag_ANN-TMIN-PRBLST-T24FP30","meas_flag_ANN-TMIN-PRBLST-T24FP30","years_ANN-TMIN-PRBLST-T24FP30","ANN-TMIN-PRBLST-T24FP40","comp_flag_ANN-TMIN-PRBLST-T24FP40","meas_flag_ANN-TMIN-PRBLST-T24FP40","years_ANN-TMIN-PRBLST-T24FP40","ANN-TMIN-PRBLST-T24FP50","comp_flag_ANN-TMIN-PRBLST-T24FP50","meas_flag_ANN-TMIN-PRBLST-T24FP50","years_ANN-TMIN-PRBLST-T24FP50","ANN-TMIN-PRBLST-T24FP60","comp_flag_ANN-TMIN-PRBLST-T24FP60","meas_flag_ANN-TMIN-PRBLST-T24FP60","years_ANN-TMIN-PRBLST-T24FP60","ANN-TMIN-PRBLST-T24FP70","comp_flag_ANN-TMIN-PRBLST-T24FP70","meas_flag_ANN-TMIN-PRBLST-T24FP70","years_ANN-TMIN-PRBLST-T24FP70","ANN-TMIN-PRBLST-T24FP80","comp_flag_ANN-TMIN-PRBLST-T24FP80","meas_flag_ANN-TMIN-PRBLST-T24FP80","years_ANN-TMIN-PRBLST-T24FP80","ANN-TMIN-PRBLST-T24FP90","comp_flag_ANN-TMIN-PRBLST-T24FP90","meas_flag_ANN-TMIN-PRBLST-T24FP90","years_ANN-TMIN-PRBLST-T24FP90","ANN-TMIN-PRBLST-T28FP10","comp_flag_ANN-TMIN-PRBLST-T28FP10","meas_flag_ANN-TMIN-PRBLST-T28FP10","years_ANN-TMIN-PRBLST-T28FP10","ANN-TMIN-PRBLST-T28FP20","comp_flag_ANN-TMIN-PRBLST-T28FP20","meas_flag_ANN-TMIN-PRBLST-T28FP20","years_ANN-TMIN-PRBLST-T28FP20","ANN-TMIN-PRBLST-T28FP30","comp_flag_ANN-TMIN-PRBLST-T28FP30","meas_flag_ANN-TMIN-PRBLST-T28FP30","years_ANN-TMIN-PRBLST-T28FP30","ANN-TMIN-PRBLST-T28FP40","comp_flag_ANN-TMIN-PRBLST-T28FP40","meas_flag_ANN-TMIN-PRBLST-T28FP40","years_ANN-TMIN-PRBLST-T28FP40","ANN-TMIN-PRBLST-T28FP50","comp_flag_ANN-TMIN-PRBLST-T28FP50","meas_flag_ANN-TMIN-PRBLST-T28FP50","years_ANN-TMIN-PRBLST-T28FP50","ANN-TMIN-PRBLST-T28FP60","comp_flag_ANN-TMIN-PRBLST-T28FP60","meas_flag_ANN-TMIN-PRBLST-T28FP60","years_ANN-TMIN-PRBLST-T28FP60","ANN-TMIN-PRBLST-T28FP70","comp_flag_ANN-TMIN-PRBLST-T28FP70","meas_flag_ANN-TMIN-PRBLST-T28FP70","years_ANN-TMIN-PRBLST-T28FP70","ANN-TMIN-PRBLST-T28FP80","comp_flag_ANN-TMIN-PRBLST-T28FP80","meas_flag_ANN-TMIN-PRBLST-T28FP80","years_ANN-TMIN-PRBLST-T28FP80","ANN-TMIN-PRBLST-T28FP90","comp_flag_ANN-TMIN-PRBLST-T28FP90","meas_flag_ANN-TMIN-PRBLST-T28FP90","years_ANN-TMIN-PRBLST-T28FP90","ANN-TMIN-PRBLST-T32FP10","comp_flag_ANN-TMIN-PRBLST-T32FP10","meas_flag_ANN-TMIN-PRBLST-T32FP10","years_ANN-TMIN-PRBLST-T32FP10","ANN-TMIN-PRBLST-T32FP20","comp_flag_ANN-TMIN-PRBLST-T32FP20","meas_flag_ANN-TMIN-PRBLST-T32FP20","years_ANN-TMIN-PRBLST-T32FP20","ANN-TMIN-PRBLST-T32FP30","comp_flag_ANN-TMIN-PRBLST-T32FP30","meas_flag_ANN-TMIN-PRBLST-T32FP30","years_ANN-TMIN-PRBLST-T32FP30","ANN-TMIN-PRBLST-T32FP40","comp_flag_ANN-TMIN-PRBLST-T32FP40","meas_flag_ANN-TMIN-PRBLST-T32FP40","years_ANN-TMIN-PRBLST-T32FP40","ANN-TMIN-PRBLST-T32FP50","comp_flag_ANN-TMIN-PRBLST-T32FP50","meas_flag_ANN-TMIN-PRBLST-T32FP50","years_ANN-TMIN-PRBLST-T32FP50","ANN-TMIN-PRBLST-T32FP60","comp_flag_ANN-TMIN-PRBLST-T32FP60","meas_flag_ANN-TMIN-PRBLST-T32FP60","years_ANN-TMIN-PRBLST-T32FP60","ANN-TMIN-PRBLST-T32FP70","comp_flag_ANN-TMIN-PRBLST-T32FP70","meas_flag_ANN-TMIN-PRBLST-T32FP70","years_ANN-TMIN-PRBLST-T32FP70","ANN-TMIN-PRBLST-T32FP80","comp_flag_ANN-TMIN-PRBLST-T32FP80","meas_flag_ANN-TMIN-PRBLST-T32FP80","years_ANN-TMIN-PRBLST-T32FP80","ANN-TMIN-PRBLST-T32FP90","comp_flag_ANN-TMIN-PRBLST-T32FP90","meas_flag_ANN-TMIN-PRBLST-T32FP90","years_ANN-TMIN-PRBLST-T32FP90","ANN-TMIN-PRBLST-T36FP10","comp_flag_ANN-TMIN-PRBLST-T36FP10","meas_flag_ANN-TMIN-PRBLST-T36FP10","years_ANN-TMIN-PRBLST-T36FP10","ANN-TMIN-PRBLST-T36FP20","comp_flag_ANN-TMIN-PRBLST-T36FP20","meas_flag_ANN-TMIN-PRBLST-T36FP20","years_ANN-TMIN-PRBLST-T36FP20","ANN-TMIN-PRBLST-T36FP30","comp_flag_ANN-TMIN-PRBLST-T36FP30","meas_flag_ANN-TMIN-PRBLST-T36FP30","years_ANN-TMIN-PRBLST-T36FP30","ANN-TMIN-PRBLST-T36FP40","comp_flag_ANN-TMIN-PRBLST-T36FP40","meas_flag_ANN-TMIN-PRBLST-T36FP40","years_ANN-TMIN-PRBLST-T36FP40","ANN-TMIN-PRBLST-T36FP50","comp_flag_ANN-TMIN-PRBLST-T36FP50","meas_flag_ANN-TMIN-PRBLST-T36FP50","years_ANN-TMIN-PRBLST-T36FP50","ANN-TMIN-PRBLST-T36FP60","comp_flag_ANN-TMIN-PRBLST-T36FP60","meas_flag_ANN-TMIN-PRBLST-T36FP60","years_ANN-TMIN-PRBLST-T36FP60","ANN-TMIN-PRBLST-T36FP70","comp_flag_ANN-TMIN-PRBLST-T36FP70","meas_flag_ANN-TMIN-PRBLST-T36FP70","years_ANN-TMIN-PRBLST-T36FP70","ANN-TMIN-PRBLST-T36FP80","comp_flag_ANN-TMIN-PRBLST-T36FP80","meas_flag_ANN-TMIN-PRBLST-T36FP80","years_ANN-TMIN-PRBLST-T36FP80","ANN-TMIN-PRBLST-T36FP90","comp_flag_ANN-TMIN-PRBLST-T36FP90","meas_flag_ANN-TMIN-PRBLST-T36FP90","years_ANN-TMIN-PRBLST-T36FP90","ANN-TMIN-PRBOCC-LSTH016","comp_flag_ANN-TMIN-PRBOCC-LSTH016","meas_flag_ANN-TMIN-PRBOCC-LSTH016","years_ANN-TMIN-PRBOCC-LSTH016","ANN-TMIN-PRBOCC-LSTH020","comp_flag_ANN-TMIN-PRBOCC-LSTH020","meas_flag_ANN-TMIN-PRBOCC-LSTH020","years_ANN-TMIN-PRBOCC-LSTH020","ANN-TMIN-PRBOCC-LSTH024","comp_flag_ANN-TMIN-PRBOCC-LSTH024","meas_flag_ANN-TMIN-PRBOCC-LSTH024","years_ANN-TMIN-PRBOCC-LSTH024","ANN-TMIN-PRBOCC-LSTH028","comp_flag_ANN-TMIN-PRBOCC-LSTH028","meas_flag_ANN-TMIN-PRBOCC-LSTH028","years_ANN-TMIN-PRBOCC-LSTH028","ANN-TMIN-PRBOCC-LSTH032","comp_flag_ANN-TMIN-PRBOCC-LSTH032","meas_flag_ANN-TMIN-PRBOCC-LSTH032","years_ANN-TMIN-PRBOCC-LSTH032","ANN-TMIN-PRBOCC-LSTH036","comp_flag_ANN-TMIN-PRBOCC-LSTH036","meas_flag_ANN-TMIN-PRBOCC-LSTH036","years_ANN-TMIN-PRBOCC-LSTH036"
"USW00013981"," 37.6703"," -95.4842"," 300.2","CHANUTE MARTIN JOHNSON AP, KS US","99","99","99","    58.2","R"," ","13","    46.5","R"," ","13","    70.0","R"," ","15","    23.5","R"," ","13","     0.0","R"," ","13","     0.3","R"," ","13","     1.9","R"," ","13","    14.9","R"," ","13","    29.7","R"," ","13","    55.9","R"," ","13","    77.9","R"," ","13","    90.9","R"," ","13","   804.9","R"," ","13","    40.0","R"," ","13","    91.1","R"," ","13","   177.6","R"," ","13","   317.3","R"," ","13","   391.1","R"," ","13","   523.8","R"," ","13","   185.4","R"," ","13","  1720.6","R"," ","13","  1311.8","R"," ","13","   938.2","R"," ","13","   618.1","R"," ","13","   507.9","R"," ","13","   364.6","R"," ","13","    70.7","R"," ","13","    42.1","R"," ","13","   185.4","R"," ","13","  1720.6","R"," ","13","  1311.8","R"," ","13","   938.2","R"," ","13","   618.1","R"," ","13","   507.9","R"," ","13","   364.6","R"," ","13","    70.7","R"," ","13","    42.1","R"," ","13","   804.9","R"," ","13","   523.8","R"," ","13","   13.99","S"," ","15","    33.0","S"," ","15","    21.4","S"," ","15","    15.2","S"," ","15","     9.4","S"," ","15","     3.5","S"," ","15","     1.0","S"," ","15","     0.1","S"," ","15","S"," ","15","    79.4","R"," ","13","    68.0","R"," ","13","    90.7","R"," ","15","    22.6","R"," ","13","     0.0","R"," ","13","     0.0","R"," ","13","     0.0","R"," ","13","     0.0","R"," ","13","     0.0","R"," ","13","     0.5","R"," ","13","    10.7","R"," ","13","    58.3","R"," ","13","     1.6","R"," ","13","     0.0","R"," ","13","     0.0","R"," ","13","     0.0","R"," ","13","     0.0","R","X","13","     0.0","R","X","13","     0.2","R"," ","13","  1322.9","R"," ","13","  3620.0","R"," ","13","  3160.6","R"," ","13","  2701.2","R"," ","13","  2240.8","R"," ","13","  2056.5","R"," ","13","  1780.7","R"," ","13","   873.8","R"," ","13","   703.5","R"," ","13","  1322.9","R"," ","13","  3620.0","R"," ","13","  3160.6","R"," ","13","  2701.2","R"," ","13","  2240.8","R"," ","13","  2056.5","R"," ","13","  1780.7","R"," ","13","   873.8","R"," ","13","   703.5","R"," ","13","     1.6","R"," ","13","     0.2","R"," ","13","   13.77","S"," ","14","    27.9","S"," ","15","    16.5","S"," ","15","    12.4","S"," ","15","     8.4","S"," ","15","     3.9","S"," ","15","     1.4","S"," ","15","     0.2","S"," ","15","     0.1","S"," ","15","    59.5","R"," ","13","    47.4","R"," ","13","    71.6","R"," ","15","    24.2","R"," ","13","     0.0","R"," ","13","     0.1","R"," ","13","     2.1","R"," ","13","    15.0","R"," ","13","    30.5","R"," ","13","    52.8","R"," ","13","    74.1","R"," ","13","    87.4","R"," ","13","   775.5","R"," ","13","    41.0","R"," ","13","    91.3","R"," ","13","   179.8","R"," ","13","   320.7","R"," ","13","   392.4","R"," ","13","   518.4","R"," ","13","   274.4","R"," ","13","  1814.8","R"," ","13","  1410.3","R"," ","13","  1043.7","R"," ","13","   729.7","R"," ","13","   619.5","R"," ","13","   472.5","R"," ","13","   137.0","R"," ","13","    98.7","R"," ","13","   274.4","R"," ","13","  1814.8","R"," ","13","  1410.3","R"," ","13","  1043.7","R"," ","13","   729.7","R"," ","13","   619.5","R"," ","13","   472.5","R"," ","13","   137.0","R"," ","13","    98.7","R"," ","13","   775.5","R"," ","13","   518.4","R"," ","13","   10.33","S"," ","14","    23.8","S"," ","15","    14.0","S"," ","15","     9.5","S"," ","15","     6.4","S"," ","15","     3.7","S"," ","15","     0.9","S"," ","15","     0.0","S"," ","15","     0.0","S"," ","15","    36.2","R"," ","13","    24.9","R"," ","13","    47.5","R"," ","15","    22.6","R"," ","13","     1.6","R"," ","13","     7.7","R"," ","13","    29.7","R"," ","13","    71.7","R"," ","13","    84.3","R"," ","13","    89.2","R"," ","13","    90.0","R"," ","13","    90.0","R"," ","13","  2588.8","R"," ","13","   573.0","R"," ","13","   896.8","R"," ","13","  1282.0","R"," ","13","  1703.6","R"," ","13","  1876.6","R"," ","13","  2140.9","R"," ","13","     0.6","R"," ","13","   235.9","R"," ","13","   108.8","R"," ","13","    43.6","R"," ","13","    15.4","R"," ","13","     8.6","R"," ","13","     2.9","R"," ","13","     0.1","R"," ","13","     0.0","R"," ","13","     0.6","R"," ","13","   235.9","R"," ","13","   108.8","R"," ","13","    43.6","R"," ","13","    15.4","R"," ","13","     8.6","R"," ","13","     2.9","R"," ","13","     0.1","R"," ","13","     0.0","R"," ","13","  2588.8","R"," ","13","  2140.9","R"," ","13","    4.08","S"," ","13","    16.6","S"," ","15","     8.5","S"," ","15","     4.9","S"," ","15","     2.4","S"," ","15","     1.1","S"," ","15","     0.0","S"," ","15","     0.0","S"," ","15","     0.0","S"," ","15","    58.3","R"," ","13","    46.7","R"," ","13","    70.0","R"," ","15","    23.2","R"," ","13","     1.6","R"," ","13","     8.1","R"," ","13","    33.7","R"," ","13","   101.5","R"," ","13","   144.5","R"," ","13","   198.5","R"," ","13","   252.7","R"," ","13","   326.6","R"," ","13","  4170.9","R"," ","13","   654.0","R"," ","13","  1079.2","R"," ","13","  1639.4","R"," ","13","  2341.6","R"," ","13","  2660.1","R"," ","13","  3183.3","R"," ","13","  1783.2","R"," ","13","  7391.3","R"," ","13","  5991.5","R"," ","13","  4726.7","R"," ","13","  3603.9","R"," ","13","  3192.5","R"," ","13","  2620.7","R"," ","13","  1081.6","R"," ","13","   844.4","R"," ","13","  1783.2","R"," ","13","  7391.3"," ","13","  5991.5","R"," ","13","  4726.7","R"," ","13","  3603.9","R"," ","13","  3192.5","R"," ","13","  2620.7","R"," ","13","  1081.6","R"," ","13","   844.4","R"," ","13","  4170.9","R"," ","13","  3183.3","R"," ","13","   42.17","S"," ","13","   101.3","S"," ","15","    60.4","S"," ","15","    42.0","S"," ","15","    26.6","S"," ","15","    12.2","S"," ","15","     3.3","S"," ","15","     0.3","S"," ","15","     0.1","S"," ","15","   11/17","S"," ","13","   11/23","S"," ","13","   11/28","S"," ","13","   12/01","S"," ","13","   12/05","S"," ","13","   12/09","S"," ","13","   12/14","S"," ","13","   12/19","S"," ","13","   12/28","S"," ","13","   11/08","S"," ","13","   11/13","S"," ","13","   11/18","S"," ","13","   11/22","S"," ","13","   11/25","S"," ","13","   11/28","S"," ","13","   12/01","S"," ","13","   12/04","S"," ","13","   12/11","S"," ","13","   11/02","S"," ","13","   11/05","S"," ","13","   11/08","S"," ","13","   11/11","S"," ","13","   11/15","S"," ","13","   11/18","S"," ","13","   11/22","S"," ","13","   11/25","S"," ","13","   11/30","S"," ","13","   10/24","S"," ","13","   10/28","S"," ","13","   10/31","S"," ","13","   11/01","S"," ","13","   11/04","S"," ","13","   11/06","S"," ","13","   11/09","S"," ","13","   11/13","S"," ","13","   11/19","S"," ","13","   10/15","S"," ","13","   10/18","S"," ","13","   10/21","S"," ","13","   10/24","S"," ","13","   10/27","S"," ","13","   10/29","S"," ","13","   10/31","S"," ","13","   11/03","S"," ","13","   11/07","S"," ","13","   10/08","S"," ","13","   10/12","S"," ","13","   10/15","S"," ","13","   10/17","S"," ","13","   10/19","S"," ","13","   10/21","S"," ","13","   10/24","S"," ","13","   10/27","S"," ","13","   10/30","S"," ","13","   309.0","S"," ","13","   301.0","S"," ","13","   294.0","S"," ","13","   289.0","S"," ","13","   283.0","S"," ","13","   278.0","S"," ","13","   273.0","S"," ","13","   266.0","S"," ","13","   257.0","S"," ","13","   284.0","S"," ","13","   277.0","S"," ","13","   272.0","S"," ","13","   267.0","S"," ","13","   263.0","S"," ","13","   258.0","S"," ","13","   254.0","S"," ","13","   248.0","S"," ","13","   240.0","S"," ","13","   263.0","S"," ","13","   257.0","S"," ","13","   251.0","S"," ","13","   246.0","S"," ","13","   241.0","S"," ","13","   237.0","S"," ","13","   232.0","S"," ","13","   226.0","S"," ","13","   219.0","S"," ","13","   242.0","S"," ","13","   233.0","S"," ","13","   228.0","S"," ","13","   223.0","S"," ","13","   218.0","S"," ","13","   214.0","S"," ","13","   210.0","S"," ","13","   205.0","S"," ","13","   198.0","S"," ","13","   218.0","S"," ","13","   211.0","S"," ","13","   206.0","S"," ","13","   202.0","S"," ","13","   198.0","S"," ","13","   194.0","S"," ","13","   189.0","S"," ","13","   185.0","S"," ","13","   178.0","S"," ","13","   198.0","S"," ","13","   192.0","S"," ","13","   187.0","S"," ","13","   182.0","S"," ","13","   178.0","S"," ","13","   174.0","S"," ","13","   171.0","S"," ","13","   168.0","S"," ","13","   162.0","S"," ","13","   03/14","S"," ","13","   03/08","S"," ","13","   03/05","S"," ","13","   03/01","S"," ","13","   02/26","S"," ","13","   02/23","S"," ","13","   02/19","S"," ","13","   02/14","S"," ","13","   02/08","S"," ","13","   03/25","S"," ","13","   03/17","S"," ","13","   03/13","S"," ","13","   03/09","S"," ","13","   03/05","S"," ","13","   03/02","S"," ","13","   02/28","S"," ","13","   02/24","S"," ","13","   02/19","S"," ","13","   04/05","S"," ","13","   03/31","S"," ","13","   03/26","S"," ","13","   03/21","S"," ","13","   03/17","S"," ","13","   03/13","S"," ","13","   03/09","S"," ","13","   03/04","S"," ","13","   02/28","S"," ","13","   04/15","S"," ","13","   04/09","S"," ","13","   04/05","S"," ","13","   04/02","S"," ","13","   03/30","S"," ","13","   03/26","S"," ","13","   03/22","S"," ","13","   03/16","S"," ","13","   03/10","S"," ","13","   04/27","S"," ","13","   04/22","S"," ","13","   04/18","S"," ","13","   04/14","S"," ","13","   04/11","S"," ","13","   04/07","S"," ","13","   04/04","S"," ","13","   03/31","S"," ","13","   03/24","S"," ","13","   05/05","S"," ","13","   05/02","S"," ","13","   04/29","S"," ","13","   04/27","S"," ","13","   04/24","S"," ","13","   04/20","S"," ","13","   04/16","S"," ","13","   04/12","S"," ","13","   04/07","S"," ","13","   100.0","S"," ","13","   100.0","S"," ","13","   100.0","S"," ","13","   100.0","S"," ","13","   100.0","S"," ","13","   100.0","S"," ","13"
